Initial symmetry at precision 1e-5
ase.spacegroup.symmetrize: prec 1e-05 got symmetry group number 36 , international (Hermann-Mauguin) Cmc2_1 , Hall  C 2c -2
Optimization finished with steps = 138
Optimized Cell         : [  8.89508203  17.79091998  16.15675167  89.99959717  90.00111278
 120.00071203]
Optimized Cell diff (%): [ 2.71101497e+00  2.71537924e+00  2.22945300e+00 -4.47593737e-04
  1.23641921e-03  5.93356152e-04]
Scaled positions       :
 [[3.33325587e-01 3.33337315e-01 6.53551655e-02]
 [6.66682104e-01 1.66665244e-01 3.15357863e-01]
 [3.33326312e-01 3.33338487e-01 5.65344347e-01]
 [6.66696276e-01 1.66679375e-01 8.15355913e-01]
 [3.33322257e-01 8.33331649e-01 6.53533497e-02]
 [6.66665538e-01 6.66669780e-01 3.15355702e-01]
 [3.33317140e-01 8.33328615e-01 5.65351872e-01]
 [6.66663859e-01 6.66661905e-01 8.15364286e-01]
 [9.08508999e-01 1.16398200e-01 1.30156721e-01]
 [7.67197662e-01 3.37846732e-01 1.30146094e-01]
 [3.24308387e-01 4.57449434e-02 1.30162318e-01]
 [9.15015358e-02 3.83606265e-01 3.80147016e-01]
 [2.32806461e-01 1.62145535e-01 3.80156794e-01]
 [6.75691292e-01 4.54253157e-01 3.80145486e-01]
 [9.08513847e-01 1.16400063e-01 6.30152640e-01]
 [7.67197425e-01 3.37850680e-01 6.30142720e-01]
 [3.24304442e-01 4.57417232e-02 6.30161335e-01]
 [9.15283858e-02 3.83614398e-01 8.80146183e-01]
 [2.32814632e-01 1.62148337e-01 8.80159520e-01]
 [6.75693635e-01 4.54242169e-01 8.80144932e-01]
 [9.08481939e-01 6.16390023e-01 1.30142047e-01]
 [7.67195599e-01 8.37852839e-01 1.30154712e-01]
 [3.24300078e-01 5.45751019e-01 1.30154049e-01]
 [9.14961532e-02 8.83599751e-01 3.80158048e-01]
 [2.32787892e-01 6.62147819e-01 3.80144993e-01]
 [6.75701342e-01 9.54247728e-01 3.80154469e-01]
 [9.08485930e-01 6.16392033e-01 6.30144404e-01]
 [7.67192042e-01 8.37855137e-01 6.30159088e-01]
 [3.24303332e-01 5.45752591e-01 6.30149984e-01]
 [9.14904467e-02 8.83600640e-01 8.80159053e-01]
 [2.32784114e-01 6.62146769e-01 8.80148782e-01]
 [6.75708914e-01 9.54261033e-01 8.80158008e-01]
 [1.09139821e-05 3.32713523e-06 1.16098896e-03]
 [2.29733163e-06 9.99996483e-01 2.51158194e-01]
 [7.99223869e-06 9.99999870e-01 5.01160349e-01]
 [4.71551996e-06 1.30648090e-06 7.51159778e-01]
 [9.99999607e-01 4.99999509e-01 1.14939951e-03]
 [9.99987815e-01 4.99996511e-01 2.51148156e-01]
 [9.99999418e-01 5.00003077e-01 5.01148389e-01]
 [9.99995046e-01 4.99998124e-01 7.51146299e-01]]
Epot after opt: -114.42431640625 eV
Final symmetry at precision 1e-5
ase.spacegroup.symmetrize: prec 1e-05 got symmetry group number 1 , international (Hermann-Mauguin) P1 , Hall  P 1
