Initial symmetry at precision 1e-5
ase.spacegroup.symmetrize: prec 1e-05 got symmetry group number 62 , international (Hermann-Mauguin) Pnma , Hall  -P 2ac 2n
Optimization finished with steps = 122
Optimized Cell         : [ 9.12291071 17.44970585 12.66714362 89.99999225 89.99999758 89.99999677]
Optimized Cell diff (%): [ 3.01273372e+00  1.72857455e+00  1.56302511e+00 -8.60652103e-06
 -2.69208625e-06 -3.58913479e-06]
Scaled positions       :
 [[9.28196326e-01 5.12111534e-01 2.49952173e-01]
 [4.28196299e-01 2.37888250e-01 2.50047347e-01]
 [7.18034024e-02 9.87888432e-01 7.49952466e-01]
 [5.71803109e-01 2.62111369e-01 7.50047386e-01]
 [9.28196602e-01 1.21117358e-02 2.49952294e-01]
 [4.28196074e-01 7.37888902e-01 2.50047924e-01]
 [7.18038659e-02 4.87888388e-01 7.49952210e-01]
 [5.71804242e-01 7.62111257e-01 7.50047985e-01]
 [5.10077174e-01 4.59970095e-01 2.49974085e-01]
 [1.00770738e-02 2.90029817e-01 2.50026103e-01]
 [4.89922726e-01 4.00299003e-02 7.49976014e-01]
 [9.89922067e-01 2.09970032e-01 7.50023208e-01]
 [7.98895223e-01 4.01448711e-01 9.59798955e-01]
 [2.98895923e-01 3.48551547e-01 5.40201131e-01]
 [2.01104623e-01 9.85514612e-02 4.59799229e-01]
 [7.01104849e-01 1.51449171e-01 4.02010486e-02]
 [2.01021855e-01 9.86356191e-02 4.03004083e-02]
 [7.01022424e-01 1.51364962e-01 4.59699089e-01]
 [7.98977828e-01 4.01364901e-01 5.40300900e-01]
 [2.98977925e-01 3.48635432e-01 9.59699235e-01]
 [5.10077419e-01 9.59970225e-01 2.49974628e-01]
 [1.00780254e-02 7.90029799e-01 2.50025382e-01]
 [4.89922615e-01 5.40029851e-01 7.49976437e-01]
 [9.89922311e-01 7.09970229e-01 7.50024144e-01]
 [7.98895155e-01 9.01449177e-01 9.59798848e-01]
 [2.98893655e-01 8.48550625e-01 5.40201018e-01]
 [2.01104609e-01 5.98551068e-01 4.59798859e-01]
 [7.01105540e-01 6.51448779e-01 4.02006847e-02]
 [2.01023003e-01 5.98634440e-01 4.03010459e-02]
 [7.01022896e-01 6.51365057e-01 4.59699247e-01]
 [7.98978519e-01 9.01364865e-01 5.40301181e-01]
 [2.98976850e-01 8.48634458e-01 9.59699207e-01]
 [5.00007382e-01 2.73562944e-05 9.99887080e-01]
 [7.39483492e-06 2.49971937e-01 5.00113185e-01]
 [4.99991369e-01 9.99972737e-01 4.99885480e-01]
 [9.99993564e-01 2.50027332e-01 1.13856893e-04]
 [5.00008454e-01 5.00028025e-01 9.99886396e-01]
 [8.83069207e-06 7.49972604e-01 5.00113446e-01]
 [4.99992358e-01 4.99972098e-01 4.99886803e-01]
 [9.99990432e-01 7.50027810e-01 1.13882830e-04]]
Epot after opt: -114.54105377197266 eV
Final symmetry at precision 1e-5
ase.spacegroup.symmetrize: prec 1e-05 got symmetry group number 1 , international (Hermann-Mauguin) P1 , Hall  P 1
