Initial symmetry at precision 1e-5
ase.spacegroup.symmetrize: prec 1e-05 got symmetry group number 62 , international (Hermann-Mauguin) Pnma , Hall  -P 2ac 2n
Optimization finished with steps = 141
Optimized Cell         : [10.90146023  9.78280658 18.24873738 89.99997478 89.9999944  89.99998255]
Optimized Cell diff (%): [ 4.47816059e+00  2.10632059e+00  2.74611441e+00 -2.80236273e-05
 -6.21881843e-06 -1.93931526e-05]
Scaled positions       :
 [[0.42543901 0.12496079 0.6737597 ]
 [0.07456127 0.37503805 0.17375944]
 [0.57456084 0.37496127 0.32624033]
 [0.92543944 0.12503833 0.82624041]
 [0.4254386  0.62496108 0.67375959]
 [0.07456012 0.87503929 0.17375987]
 [0.5745615  0.87496146 0.32624057]
 [0.92543983 0.62503791 0.82624014]
 [0.16408658 0.12529689 0.00276276]
 [0.33591397 0.37470389 0.50276238]
 [0.83591444 0.37529796 0.99723744]
 [0.66408571 0.1247029  0.4972378 ]
 [0.2920384  0.12503819 0.28752604]
 [0.20796142 0.37496225 0.78752566]
 [0.70796139 0.37503845 0.71247413]
 [0.79203727 0.12496264 0.21247377]
 [0.02461862 0.1247782  0.60852017]
 [0.47538216 0.3752248  0.10852076]
 [0.97538131 0.37477651 0.39147957]
 [0.52461814 0.12522351 0.89147964]
 [0.16408538 0.62529788 0.00276282]
 [0.3359135  0.87470132 0.50276263]
 [0.83591333 0.87529843 0.99723691]
 [0.66408602 0.62470343 0.49723705]
 [0.29203759 0.62503818 0.28752606]
 [0.20796344 0.87496172 0.78752677]
 [0.70796255 0.87503785 0.71247396]
 [0.79203812 0.62496287 0.21247392]
 [0.0246183  0.62477738 0.60852081]
 [0.47538194 0.87522341 0.10852081]
 [0.97538182 0.87477834 0.3914793 ]
 [0.52461803 0.62522081 0.89147858]
 [0.16334681 0.1247992  0.44085077]
 [0.33665344 0.37519842 0.94085038]
 [0.83665433 0.37479907 0.5591495 ]
 [0.66334628 0.12520131 0.05914969]
 [0.16334535 0.6247984  0.44085036]
 [0.33665387 0.87519825 0.94085035]
 [0.83665417 0.87479986 0.55914934]
 [0.66334566 0.62519949 0.05914982]]
Epot after opt: -114.94771575927734 eV
Final symmetry at precision 1e-5
ase.spacegroup.symmetrize: prec 1e-05 got symmetry group number 1 , international (Hermann-Mauguin) P1 , Hall  P 1
