Initial symmetry at precision 1e-5
ase.spacegroup.symmetrize: prec 1e-05 got symmetry group number 221 , international (Hermann-Mauguin) Pm-3m , Hall  -P 4 2 3
Optimization finished with steps = 6
Optimized Cell         : [12.80495215 12.80495232 12.80495217 90.00000026 89.99999963 90.00000025]
Optimized Cell diff (%): [ 1.79788334e+00  1.79788466e+00  1.79788353e+00  2.92888891e-07
 -4.06042555e-07  2.81495693e-07]
Scaled positions       :
 [[2.50000015e-01 2.50000030e-01 2.49999960e-01]
 [2.49999958e-01 2.49999972e-01 7.49999954e-01]
 [2.50000008e-01 7.49999997e-01 2.50000002e-01]
 [2.50000004e-01 7.49999975e-01 7.49999951e-01]
 [7.50000012e-01 2.49999995e-01 2.50000027e-01]
 [7.49999922e-01 2.50000017e-01 7.49999986e-01]
 [7.50000019e-01 7.49999986e-01 2.50000034e-01]
 [7.49999996e-01 7.50000008e-01 7.50000025e-01]
 [9.99999929e-01 1.00000000e+00 2.50000009e-01]
 [2.09899130e-08 2.49999985e-01 9.23671415e-08]
 [2.50000213e-01 9.99999957e-01 9.99999968e-01]
 [4.64425672e-08 2.37864137e-08 7.49999603e-01]
 [2.93216060e-08 2.50000171e-01 4.99999997e-01]
 [2.49999991e-01 5.73604880e-10 5.00000046e-01]
 [9.99999967e-01 4.99999992e-01 2.50000092e-01]
 [4.96269576e-08 7.49999621e-01 4.87004499e-08]
 [2.50000208e-01 5.00000097e-01 4.24116059e-08]
 [4.78072389e-08 5.00000057e-01 7.49999533e-01]
 [5.97538595e-08 7.49999636e-01 5.00000023e-01]
 [2.50000119e-01 5.00000108e-01 5.00000070e-01]
 [5.00000051e-01 3.95215035e-08 2.50000230e-01]
 [5.00000056e-01 2.50000035e-01 2.36174596e-08]
 [7.49999520e-01 6.73232425e-08 6.23220942e-08]
 [4.99999995e-01 2.82626672e-08 7.49999673e-01]
 [5.00000133e-01 2.49999930e-01 5.00000007e-01]
 [7.49999561e-01 7.77353807e-08 4.99999972e-01]
 [4.99999990e-01 5.00000041e-01 2.50000090e-01]
 [5.00000015e-01 7.49999635e-01 2.95661462e-08]
 [7.49999594e-01 5.00000001e-01 5.86611734e-08]
 [5.00000060e-01 5.00000086e-01 7.49999633e-01]
 [4.99999995e-01 7.49999532e-01 5.00000002e-01]
 [7.49999513e-01 4.99999938e-01 4.99999958e-01]
 [1.16307904e-07 1.44470412e-07 1.48396339e-07]
 [1.23672993e-07 3.09850699e-07 5.00000150e-01]
 [3.01057732e-07 5.00000181e-01 1.78347960e-07]
 [1.43771819e-07 4.99999812e-01 5.00000118e-01]
 [5.00000103e-01 2.53637169e-07 1.88061651e-07]
 [5.00000176e-01 1.22377782e-07 4.99999879e-01]
 [4.99999810e-01 4.99999885e-01 2.40149089e-07]
 [5.00000125e-01 5.00000250e-01 4.99999902e-01]]
Epot after opt: -113.63676452636719 eV
Final symmetry at precision 1e-5
ase.spacegroup.symmetrize: prec 1e-05 got symmetry group number 221 , international (Hermann-Mauguin) Pm-3m , Hall  -P 4 2 3
