Initial symmetry at precision 1e-5
ase.spacegroup.symmetrize: prec 1e-05 got symmetry group number 127 , international (Hermann-Mauguin) P4/mbm , Hall  -P 4 2ab
Optimization finished with steps = 55
Optimized Cell         : [ 8.85290559 17.7057872  12.99679643 90.00000101 89.99999942 89.99999936]
Optimized Cell diff (%): [ 2.94617444e-01  2.94481633e-01  3.16522598e+00  1.12760550e-06
 -6.40622488e-07 -7.10596926e-07]
Scaled positions       :
 [[4.99999994e-01 9.99999823e-01 2.50115930e-01]
 [2.68872825e-07 2.49999928e-01 2.49884087e-01]
 [4.99999934e-01 9.99999789e-01 7.50115906e-01]
 [3.43444148e-08 2.50000047e-01 7.49884072e-01]
 [4.99999577e-01 4.99999978e-01 2.50115865e-01]
 [1.15025666e-07 7.49999981e-01 2.49884064e-01]
 [4.99999903e-01 5.00000104e-01 7.50115891e-01]
 [2.90634619e-07 7.50000018e-01 7.49884046e-01]
 [9.99999968e-01 1.25686028e-07 2.49885859e-01]
 [5.00000000e-01 2.49999997e-01 2.50113996e-01]
 [8.14410050e-01 1.57205208e-01 9.99920724e-01]
 [1.85589848e-01 3.42795142e-01 9.99920767e-01]
 [6.85589190e-01 4.07204651e-01 7.94028149e-05]
 [3.14410467e-01 9.27951701e-02 7.94321924e-05]
 [1.55238934e-08 6.35386214e-08 7.49886642e-01]
 [5.00000063e-01 2.50000015e-01 7.50113501e-01]
 [8.14409771e-01 1.57205302e-01 4.99920609e-01]
 [1.85590123e-01 3.42794937e-01 4.99920618e-01]
 [6.85588557e-01 4.07204419e-01 5.00079263e-01]
 [3.14410689e-01 9.27953560e-02 5.00079290e-01]
 [4.25202884e-09 5.00000019e-01 2.49885853e-01]
 [4.99999977e-01 7.49999939e-01 2.50113981e-01]
 [8.14411447e-01 6.57204319e-01 9.99920657e-01]
 [1.85589264e-01 8.42795334e-01 9.99920744e-01]
 [6.85590726e-01 9.07205515e-01 7.93957941e-05]
 [3.14409445e-01 5.92794709e-01 7.93537765e-05]
 [9.99999947e-01 4.99999947e-01 7.49886654e-01]
 [4.99999886e-01 7.50000011e-01 7.50113474e-01]
 [8.14411109e-01 6.57204596e-01 4.99920660e-01]
 [1.85589503e-01 8.42795260e-01 4.99920567e-01]
 [6.85590662e-01 9.07205408e-01 5.00079276e-01]
 [3.14409910e-01 5.92794877e-01 5.00079350e-01]
 [9.99999478e-01 9.99999207e-01 1.63247554e-04]
 [4.99999813e-01 2.50000291e-01 9.99836135e-01]
 [9.99999644e-01 9.99999186e-01 5.00163605e-01]
 [4.99999870e-01 2.50000154e-01 4.99837052e-01]
 [4.95217368e-07 5.00000526e-01 1.63337033e-04]
 [4.99999756e-01 7.50000067e-01 9.99836141e-01]
 [8.13366124e-07 5.00000510e-01 5.00163482e-01]
 [4.99999392e-01 7.50000062e-01 4.99837053e-01]]
Epot after opt: -114.25169372558594 eV
Final symmetry at precision 1e-5
ase.spacegroup.symmetrize: prec 1e-05 got symmetry group number 1 , international (Hermann-Mauguin) P1 , Hall  P 1
